8.095243347515763965e-02 3.515972727541844534e-01 8.762789000784949600e-01 -4.823327874038869922e-02 3.465380600692455348e-01 -4.086291921588314779e-01 -5.581965661489743935e-01 -1.456424324090638545e-01 -6.088448915633797309e-01 -9.077636734760591297e-02
-1.610602106798666000e+00 4.127656990769680512e+00 -2.235449368305174378e+00 -4.464887920985344261e-01 3.127033521309957820e+00 -4.984313945410449587e-01 -3.196991972890973699e+00 -2.392187866184338318e+00 1.561997875303595462e+00 1.332716662541548747e+00
-2.415625501051835711e-01 2.810382024385328581e+00 1.021981810089058085e+00 1.046743608357579181e+00 -1.764040628186423820e+00 2.007580392094095334e+00 -2.591783628129303185e+00 -4.243814392960797655e+00 -7.787243829648469173e-01 1.949515551903693744e+00
-3.823980974385155496e-01 -8.587758320704875770e-01 2.916459423796653905e+00 -7.620360562852077635e-01 1.092033072555680162e+00 3.170536258346260183e+00 -4.569298400938960114e+00 -4.215904885094403642e-01 -3.116557315562155761e+00 3.264557172831819454e+00
1.950000754205446274e+00 -5.740799338425399689e-01 1.080246045803167965e+00 -5.161060423385678497e+00 -2.537398010926177894e-01 -1.674651731246707520e+00 2.294661899268628957e+00 1.481987566243189614e+00 2.002539321433670416e+00 -1.263701731556359675e+00
3.724197125254560259e-01 -3.517090485592730076e+00 -1.930524045009966105e+00 1.026084142372741592e+00 -4.788722888937135380e+00 1.459203770933627409e+00 -2.421946837344954306e-02 3.090828876048409946e+00 1.942952849925675629e+00 1.956952826350182972e+00
-2.632859592240920921e-01 -9.159892201014858681e-01 3.364009944352898795e+00 2.486600934278105912e-01 -5.535802730336619959e+00 -2.296738443880454561e+00 1.876108805806364410e+00 -9.035534199117946086e-01 1.107165947829255925e+00 3.541540562139542381e+00
1.070137755471273627e-01 2.788383273749512004e+00 -8.621067955202117439e-01 -2.688719507818946752e+00 2.472199820395444558e-01 5.628091060518157995e+00 1.348793804344464498e+00 -6.783020046024172967e-01 -3.209402808611093949e+00 -2.600849448742021952e+00
-8.590207401172339496e-01 4.032610757740809682e+00 -1.189111305402849039e+00 -3.087920981233878148e+00 2.803827167139689269e+00 -5.353289373796833672e+00 1.520329664435583705e+00 2.025661143671261932e+00 -1.168109727335809422e+00 1.272858607964760802e+00
-3.406079048486458039e+00 1.843788202246307018e-01 -2.994959064743509813e-01 2.926319084881834787e+00 -4.618430241215136234e-01 1.674578246628319889e+00 2.982364225668669988e+00 -6.422879052760520624e-01 -8.187832527531977433e-01 -2.128662962200182918e+00
-1.479352022490991514e+00 -2.782222485026911052e+00 -2.036569328842667392e+00 -4.865687333594654329e-01 2.023360017257286980e+00 -4.157371208131577234e-01 -2.268384393895413353e+00 -8.118313492507838181e-01 5.668375491465398319e+00 2.645915439027456628e+00
1.162271493508792775e+00 1.003088761201799795e+00 -1.085387382126085543e+00 -2.613756615457860200e+00 -1.684974661972324483e+00 1.888546118977239580e-03 1.726588933937401316e-01 -1.727713143077112656e+00 -2.405362726235543147e-01 5.084195805167839310e+00
1.175859921330799640e-01 2.487445495300138365e+00 -2.505951562966742596e+00 -9.669811323413045612e-01 1.306830971953234499e-01 -3.048977759874350379e+00 4.468874598056499892e+00 2.125789398101547878e+00 1.593215784941472146e-02 -1.868275429277649780e+00
2.479281828780068309e-01 -4.691616820355155176e-02 2.582737967453737626e-01 -3.649267765901128335e+00 3.114809454886737217e-01 -1.631702121202714295e+00 8.592410781289433475e-01 -2.780821156937915983e+00 1.528235350740275500e+00 5.026573533922086057e+00
3.765011536673637416e+00 -3.298675417882028782e-01 -5.635801072573108916e-01 -2.295398308177382773e+00 -1.234881225001729366e+00 -2.047291143140647307e+00 -3.352765853123546580e-01 6.119845746516078044e+00 -8.464346505124732412e-01 -2.427969189581147713e+00
6.402675453529933502e-01 -3.129595502960492492e+00 -1.932376450932680623e+00 4.686162268287490384e+00 -1.058443053033825798e+00 -4.460879609312458187e-03 -7.334367694104870772e-01 -1.908802287274238285e-01 3.213012144802195547e+00 -1.161354180685036708e+00
-3.389642007233761301e-01 -2.343891642924408103e+00 -3.038022405034206397e+00 -6.099384876763921381e-01 -2.188345572716849041e+00 4.887067989261945300e+00 3.096633643929819879e+00 -6.721041365490905140e-01 2.599135160650446252e+00 -1.896502715893253255e+00
-3.493712614206600620e+00 -2.102882099860568843e+00 -8.352350009842226530e-01 2.250270980152287714e-01 1.962002979609618558e+00 4.645345392834560744e-02 -3.724902449695433937e+00 5.014740411821504651e+00 7.171567257348637758e-01 2.517115960886854520e+00
-2.236447368762388699e+00 2.260733627726273287e+00 -2.340346515810548311e+00 1.629871635270351726e+00 -1.482447772149715071e-01 4.029234167776682085e+00 2.628656477320789331e-01 -1.960897016985539087e+00 -2.002269464961770495e+00 4.528410904212350485e-01
-4.374769065714063210e+00 1.323047137325822797e+00 1.078489252415881117e+00 1.364126131130748210e+00 1.036886352416742652e+00 4.364318650662542431e+00 -1.735166351263745854e+00 -1.758668313469391410e-03 4.722242650160695110e-01 -3.424660582328070912e+00
9.897653485195059275e-01 2.434999726979867329e+00 -3.676642576613781827e-02 9.878543399924238910e-01 -3.620697938154557871e+00 8.823058741277791661e-01 2.732733756198482133e+00 -5.367463451133978047e+00 3.802551683508442526e+00 -3.184317569699647077e+00
-1.663638323085967041e+00 -2.148629576298122679e+00 -3.723691372171322733e+00 2.431888766958037115e-02 -2.831937187887145324e+00 4.855438275165127493e+00 2.312744706326594457e+00 -1.547940768761898012e+00 4.420393548817883378e+00 5.390054830721383583e-01
6.190508155192609996e-01 -3.267162448679941988e+00 2.771189648357568647e+00 4.647847761932383248e-02 1.714858599126973582e+00 3.988082180807328569e-01 -2.848854131002555579e-01 1.336415334050523374e+00 1.641571239362657808e+00 -4.627034223896059117e+00
2.222604845448431732e+00 2.617050841077071532e-01 2.426315532177338863e+00 2.719613450473792327e+00 -4.658262062276707027e+00 -2.702914720774020729e+00 -3.802809678294899243e+00 1.019754448982891137e+00 3.877261760904482935e-01 2.718270330527579937e+00
-2.388854718333945470e+00 -2.087576974937442653e+00 1.945160893327027241e+00 1.400662908988048683e+00 -1.568710012847827517e+00 7.975279521387392823e-01 -2.634447950517745163e+00 -3.614322581909699128e+00 2.897085732558920323e+00 4.982804069817235337e+00
2.283600101661736881e-01 2.096242171561519374e+00 1.682428773374124109e+00 -2.532946774268128642e+00 -3.327600676308049010e-01 -1.852872282427405273e-02 -3.229335544680737247e+00 3.554947057488655471e+00 -2.730343692096616426e+00 1.251892265140823524e+00
5.071192313208169544e+00 2.543439498590116088e+00 1.283309536742901269e+00 -1.391294696025908273e+00 -1.292104696301548561e+00 -1.626277338262102301e+00 -2.397445340000700753e+00 1.148342829804129162e+00 1.328372756009549294e-01 -4.145870651803639895e+00
-1.211695810771435067e+00 2.113620694238068420e+00 3.326935317366653599e+00 -4.350040381603725415e+00 4.798526542405074924e-01 -2.128850083072615806e+00 5.743551521466526699e-01 7.107030291932486810e-01 2.174390199377006283e+00 -1.364145583559800645e+00
4.528582877138246365e-01 4.651869605708143784e-01 -6.079068565099331245e+00 -5.064996723975589976e-01 5.052826414645108510e-01 -8.690638323631629802e-01 5.478040636875728397e-01 5.219058242026671124e+00 8.434930933591528943e-03 -4.990988202249346806e-01
-3.174639766530947149e+00 8.744044619506604610e-01 -7.576272372086534368e-01 2.494599637852316754e+00 -4.209204379495951720e+00 2.000888110627960348e+00 -1.703922669213079111e+00 2.493291451170229323e+00 -8.076137804843523949e-01 3.084796517228353796e+00
-1.124690278562538781e+00 1.745473667910275806e+00 -5.789302617937298834e+00 2.237200666305742214e+00 -4.759954445882461638e-01 -1.529162832191831578e+00 -2.442515652852194741e+00 1.346649939951955144e+00 2.128816475115601570e+00 4.441760829586639758e+00
2.608983522846736403e+00 -2.653014951637667984e+00 9.398474205135058657e-02 -3.337648720116512813e+00 -1.876253021666345111e+00 5.201336035114083600e+00 2.565755516996082175e+00 -1.619451628745808502e+00 -2.220951725795925480e+00 7.983643341778646763e-01
-6.562389504705379295e-01 1.561075767269650250e+00 2.701285810343576621e+00 3.401239004002843291e+00 -1.659545835708123418e+00 -2.426995901671609168e+00 2.171731215807823911e+00 -1.010455642882905902e+00 -1.688359502882479157e+00 -3.160410773868865597e+00
-4.920521390628915803e+00 2.979977293514159964e+00 2.499070621512881729e+00 3.132690353800282601e+00 1.157174626796846767e-01 1.846457037408688606e+00 -1.827265818303473788e+00 1.831266833043067699e+00 -2.096655009782009582e+00 -3.964399655684299528e+00
1.403406079001805695e+00 -5.637577315006269130e-01 -4.187856556726069712e+00 1.973956649038258293e+00 1.186230583012461426e-01 7.077338343104182528e-01 1.540535941476455006e+00 7.692250873050643367e-01 -3.446133770982674260e+00 1.522657222531926369e+00
-6.150636160487513715e-01 1.997367805433565846e-01 8.278977676495717919e-01 4.184174230092024160e+00 4.080975772628423481e-01 -4.916658019575227634e+00 1.858512021876318754e-01 1.387554960730881470e+00 -8.776531424299062190e-01 -4.680874304385325146e-01
-4.395682311000744802e-01 1.072301543677631974e+00 -1.166798743840310459e+00 3.068914088555822151e+00 3.193713042666425306e+00 -1.657061773229384194e+00 -4.282939518796297307e+00 -8.664866699481515999e-01 1.649695549398612904e-01 1.069418941132791234e+00
2.820040867445361421e-01 -2.921774156952312573e+00 2.000719102744255906e+00 2.513424552190120842e+00 4.152149983648178555e+00 -2.802256345400606641e+00 1.528125041878153345e+00 -1.488068141834741454e+00 -1.636986174441652064e+00 -1.386465227398004041e+00
1.798349442334855330e-01 2.748128487995246783e+00 -3.980100785415047748e-01 2.356382987985282951e-01 5.885476380681747166e+00 -1.107612190659152285e+00 2.178723854473596511e+00 -1.578320134702259958e+00 -4.361865810803279508e+00 -4.061337411858895408e+00
-1.256071430514769771e+00 3.096006528997250484e+00 2.936813330559501445e+00 -2.882380619995027704e+00 1.553944688046717260e-01 -9.053887888424593244e-01 4.089493204688547046e+00 -1.375111186367342198e+00 -3.312971428765536519e+00 3.815363884658658500e-01
4.481984480425948436e-01 -4.078384653061889464e-01 3.417633734530868495e+00 -2.435600231210795830e+00 3.996406956112977582e+00 -2.838747537396718368e+00 -2.029670672032931389e+00 -1.426252167644024293e+00 1.914134988209860833e+00 -3.638146963073726203e-01
2.040474571126732695e+00 -2.169902387872353788e+00 4.181691170214856257e+00 -2.445027687568673169e+00 -5.313459200750382527e-02 -2.588366902679027248e+00 3.178718542544735737e+00 -1.774734363378032143e-01 -2.720745406377319764e+00 7.149527747180631776e-01
7.951378497541105039e-01 1.969497063524232150e+00 -4.906198799900514551e+00 1.946025798633177262e+00 -1.424796520432327629e+00 4.195692660736030533e+00 1.438019969356851169e+00 -2.079540246691417682e+00 -1.803483703737259081e+00 2.527867799063998056e-01
3.259634833442094592e+00 -6.746693228732236758e-01 -3.381391548968837313e+00 -2.339985132209614349e+00 3.407192586651744293e+00 3.917589056712103002e+00 -9.635630927421735548e-01 6.827057607185577082e-01 -2.981911938815948737e+00 -7.070980646855107299e-01
-3.066353537602783952e+00 2.939528493350976879e-01 9.532584112281714539e-01 -3.163875514942922962e+00 3.511847568904334693e+00 3.448112615445217521e+00 1.863852433966292077e-01 -6.611831230180320595e-01 1.515335937348529560e+00 -3.153910757488288752e+00
-2.083659822635247405e+00 -1.075650237769407047e+00 -1.005651337703982628e+00 2.749565251928453691e+00 3.044443089433761518e+00 8.088817583217172702e-01 -2.245421758424483993e+00 3.250599253483788864e+00 -7.016991240922591189e+00 4.061790572517287146e+00
2.740795619139876571e+00 -5.441681472018473631e-01 2.555777533933149659e+00 -4.091985430672541391e+00 -9.202515750489455026e-01 -4.295305410131503798e+00 1.807706592395547762e+00 2.792556980047785853e+00 4.597212966229663245e+00 -4.969355777772295646e+00
7.843145321001194770e-01 1.694119051284700861e+00 3.952632460510831169e+00 3.141507978864602091e+00 -3.060872403320936019e+00 -6.056792607602233813e-01 -3.205741944800893695e+00 3.917405628665016959e+00 -2.264428160681863478e+00 -3.924021326928950337e+00
1.883206288863723099e+00 -5.922390456906437839e-01 4.307619663078781969e+00 2.904793726349448324e+00 -1.295185210429437461e+00 -1.741807601102288050e+00 -2.054106180991817521e+00 9.046827878938742407e-01 -3.328028672751250916e+00 -6.991231273090297016e-01
-2.248840766560472826e+00 1.858725073572933040e+00 3.328158031614030676e+00 2.977909345100439253e+00 -3.548170295290523857e+00 2.269414453060551118e+00 -5.176057857859036604e-01 4.828713090315905454e+00 -4.767649719954270005e+00 -4.567957873830970961e+00
1.560264453552883124e-01 4.103197276547201344e-01 -2.702217113716153918e+00 -5.259730085352316564e+00 2.689022579328611329e+00 3.398769543896582590e+00 -4.393073851145425784e-02 1.609646735178730026e+00 -3.197654040430184086e+00 3.270872744181021030e+00
